0.24166666666666664
0.43555555555555553
0.6383928571428572
0.25
0.3333333333333333
0.125
0.11666666666666665
0.1
0.6388888888888888
0.0625
0.09285714285714286
0.18
0.0
0.5
1.0
0.16666666666666666
0.08333333333333333
0.3333333333333333
0.0
0.4302469135802469
0.0
0.0
0.14285714285714285
0.3333333333333333
0.6507936507936507
0.19444444444444442
0.12962962962962962
0.0
0.35
0.03571428571428571
0.0
0.1111111111111111
0.6388888888888888
0.09722222222222221
0.0
0.5
0.0
0.0
0.08333333333333333
0.04722222222222222
0.6666666666666666
0.10714285714285714
0.4583333333333333
0.0
0.12
0.3322222222222222
0.27341269841269844
0.19166666666666665
0.1
0.05555555555555555
0.4397619047619047
0.47916666666666663
0.15222222222222223
0.05555555555555555
0.1873015873015873
0.1
0.025
0.0380952380952381
0.027777777777777776
0.42000000000000004
0.5638888888888889
0.0
0.0
0.5
0.17063492063492064
0.02857142857142857
0.5583333333333333
0.04
0.025
0.05
0.017857142857142856
0.1
0.4597619047619048
0.023809523809523808
0.0
0.07142857142857142
0.2333333333333333
0.7222222222222222
0.0
0.0
0.8333333333333333
0.24
0.0625
0.3
0.25
0.5833333333333333
0.0
0.6496031746031746
0.041666666666666664
0.1261904761904762
0.2577160493827161
0.5014285714285714
0.5
0.513095238095238
0.5
0.38976190476190475
0.1595238095238095
0.0
0.20833333333333331
0.16666666666666663
0.6402777777777778
0.3125
0.0
0.1
0.3833333333333333
0.38571428571428573
0.16666666666666666
0.5964285714285714
0.0
0.125
0.08333333333333333
0.25
0.08333333333333333
0.0
0.05
0.04
0.0
0.21666666666666667
1.0
0.24567901234567902
0.369047619047619
0.20052910052910053
0.0
0.0
0.21666666666666665
0.20833333333333331
0.05
0.0
0.369047619047619
0.48888888888888893
0.09375
0.4925
0.06031746031746032
0.25
0.4783730158730159
0.39999999999999997
0.19642857142857142
0.1
0.0
0.13888888888888887
0.075
0.0
0.7
0.27546296296296297
0.20549886621315192
0.5833333333333333
0.23380952380952377
0.16666666666666666
0.24861111111111106
0.8333333333333333
0.0
0.0
0.2738095238095238
0.8333333333333333
0.08333333333333333
0.5684920634920634
0.28194444444444444
0.3680555555555556
0.043402777777777776
0.1
0.5
0.125
0.24444444444444446
0.41527777777777775
0.5833333333333333
0.013888888888888888
0.5
0.07142857142857142
0.25
0.5444444444444444
0.6388888888888888
0.6791666666666667
1.0
0.02857142857142857
0.02
0.0
0.5888888888888889
0.3214285714285714
0.29166666666666663
0.33095238095238094
0.2
0.5833333333333333
0.5430952380952381
0.21428571428571427
0.6388888888888888
0.1394047619047619
0.13888888888888887
0.3196428571428571
0.05
0.3
0.04523809523809523
0.5666666666666667
0.8282627865961198
0.041666666666666664
0.05555555555555555
0.11190476190476191
0.5555555555555555
0.45714285714285713
0.03125
0.1851851851851852
0.3488095238095238
0.19166666666666665
0.15416666666666665
0.0
0.75
0.2619047619047619
0.14444444444444443
0.6569444444444444
0.03333333333333333
0.27777777777777773
0.0125
0.4796428571428571
0.4625
0.125
0.0
0.0
0.2
0.2375
0.0
0.13333333333333333
0.275
0.6071428571428572
0.44166666666666665
0.017857142857142856
0.16666666666666666
