0.24166666666666664
0.4833333333333333
0.5508928571428572
0.25
0.30833333333333335
0.03571428571428571
0.10714285714285714
0.016666666666666666
0.5888888888888889
0.09375
0.09285714285714286
0.2
0.0
0.5
1.0
0.16666666666666666
0.1
0.3333333333333333
0.0
0.35648148148148145
0.0
0.0
0.12083333333333332
0.3333333333333333
0.6507936507936507
0.15
0.041666666666666664
0.0
0.3888888888888889
0.017857142857142856
0.0
0.020833333333333332
0.6388888888888888
0.06666666666666667
0.0
0.625
0.0
0.0
0.07222222222222222
0.014285714285714285
0.5555555555555555
0.11666666666666665
0.43333333333333335
0.0
0.12
0.2822222222222222
0.20785714285714282
0.17666666666666667
0.1
0.0
0.28194444444444444
0.08125
0.12857142857142856
0.08024691358024691
0.13051587301587303
0.07857142857142857
0.02
0.14166666666666666
0.027777777777777776
0.32
0.4
0.0
0.0
0.5
0.1275
0.02857142857142857
0.08607142857142858
0.06666666666666667
0.0
0.025
0.017857142857142856
0.05
0.3716666666666667
0.023809523809523808
0.0
0.0
0.2333333333333333
0.7222222222222222
0.0
0.0
0.75
0.3933333333333333
0.05
0.3
0.25
0.5833333333333333
0.0
0.6496031746031746
0.027777777777777776
0.05
0.19259259259259257
0.473095238095238
0.5
0.5291666666666667
0.5
0.41809523809523813
0.14999999999999997
0.0
0.20833333333333331
0.2222222222222222
0.673611111111111
0.3125
0.0
0.1
0.3833333333333333
0.4333333333333333
0.1619047619047619
0.685204081632653
0.0
0.125
0.11904761904761904
0.25
0.125
0.0
0.0
0.03333333333333333
0.0
0.19444444444444442
1.0
0.2486772486772487
0.4773809523809524
0.19126984126984126
0.0
0.0
0.07857142857142857
0.20833333333333331
0.05
0.0
0.3880952380952381
0.26666666666666666
0.08611111111111111
0.5097619047619047
0.07619047619047618
0.16666666666666666
0.4270833333333333
0.40740740740740744
0.20833333333333331
0.08333333333333333
0.0
0.13888888888888887
0.08333333333333333
0.0
0.6
0.14484126984126985
0.12222222222222223
0.5833333333333333
0.16666666666666666
0.16666666666666666
0.21333333333333332
0.8333333333333333
0.0
0.0
0.2738095238095238
0.7
0.08333333333333333
0.49071428571428566
0.3319444444444445
0.346875
0.025
0.1
0.43333333333333335
0.15625
0.27777777777777773
0.23958333333333331
0.375
0.0
0.5
0.0625
0.20833333333333331
0.5694444444444444
0.6388888888888888
0.6791666666666667
1.0
0.02857142857142857
0.0
0.0
0.5746031746031746
0.25
0.225
0.2738095238095238
0.2
0.5833333333333333
0.4397619047619047
0.14285714285714285
0.6388888888888888
0.07833333333333334
0.13095238095238096
0.3071428571428571
0.022222222222222223
0.3
0.014285714285714285
0.5416666666666666
0.8282627865961198
0.041666666666666664
0.06666666666666667
0.12083333333333332
0.5555555555555555
0.3
0.059027777777777776
0.24074074074074073
0.26
0.13999999999999999
0.09
0.0
0.7
0.2333333333333333
0.06666666666666667
0.5246031746031746
0.016666666666666666
0.27777777777777773
0.01
0.4891666666666666
0.4105555555555555
0.125
0.0
0.0
0.07857142857142857
0.07523809523809524
0.0
0.125
0.2
0.6071428571428572
0.47916666666666663
0.013888888888888888
0.13999999999999999
